// MilkShape 3D ASCII

Frames: 30
Frame: 1

Meshes: 2
"Curve03" 0 0
46
0 0.000000 -31.606602 7.225162 0.061527 0.479062 -1
0 32.071068 0.464466 7.225162 0.121961 0.237291 -1
0 0.000000 -28.778175 7.225162 0.061527 0.457739 -1
0 29.242641 0.464466 7.225162 0.116631 0.237291 -1
0 19.000000 13.535534 7.225162 0.097330 0.138753 -1
0 19.000000 10.707108 7.225162 0.097330 0.160076 -1
0 11.000000 5.535533 7.225162 0.083585 0.198747 -1
0 9.000000 0.707106 7.225162 0.079590 0.234902 -1
0 11.000000 29.464466 7.225162 0.083585 0.019568 -1
0 9.000000 27.464466 7.225162 0.079590 0.034544 -1
0 -11.000000 29.464466 7.225162 0.039633 0.019568 -1
0 -9.000000 27.464466 7.225162 0.043629 0.034544 -1
0 -11.000000 5.535533 7.225162 0.039633 0.198747 -1
0 -9.000000 0.707106 7.225162 0.043629 0.234902 -1
0 -19.000000 13.535534 7.225162 0.025722 0.138753 -1
0 -19.000000 10.707108 7.225162 0.025722 0.160076 -1
0 -32.071068 0.464466 7.225162 0.001092 0.237291 -1
0 -29.242641 0.464466 7.225162 0.006421 0.237291 -1
0 0.000000 -24.535534 14.725162 0.061527 0.425756 -1
0 25.000000 0.464466 14.725162 0.108636 0.237291 -1
0 19.000000 6.464466 14.725162 0.097330 0.192059 -1
0 6.000000 -6.535534 14.725162 0.072832 0.290062 -1
0 6.000000 24.464466 14.725162 0.072832 0.056364 -1
0 -6.000000 24.464466 14.725162 0.050220 0.056364 -1
0 -6.000000 -6.535534 14.725162 0.050220 0.290062 -1
0 -19.000000 6.464466 14.725162 0.025722 0.192059 -1
0 -25.000000 0.464466 14.725162 0.014416 0.237291 -1
0 0.009779 -23.973927 14.724689 0.061546 0.421522 -1
0 24.219559 0.257404 14.724689 0.107166 0.238852 -1
0 19.000000 5.464467 14.724689 0.097330 0.199598 -1
0 0.009779 -13.507547 14.724689 0.061546 0.342622 -1
0 0.000000 -7.860404 14.724686 0.061527 0.300049 -1
0 -18.980442 5.464467 14.724689 0.025759 0.199598 -1
0 -24.200001 0.257412 14.724689 0.015924 0.238852 -1
0 5.932364 -1.920270 14.725009 0.072706 0.255268 -1
0 -5.932364 -1.920270 14.725009 0.050347 0.255268 -1
0 5.932364 3.262159 14.725009 0.072706 0.216200 -1
0 5.932364 13.143290 14.725008 0.072706 0.141710 -1
0 5.932364 7.314576 14.725010 0.072706 0.185651 -1
0 -5.932364 7.314572 14.725010 0.050347 0.185651 -1
0 -5.932364 13.143291 14.725008 0.050347 0.141710 -1
0 -5.932364 3.262159 14.725009 0.050347 0.216200 -1
0 -5.932364 17.550110 14.725009 0.050347 0.108489 -1
0 -5.932364 23.378826 14.725009 0.050347 0.064549 -1
0 5.932364 17.550110 14.725009 0.072706 0.108489 -1
0 5.932364 23.378826 14.725009 0.072706 0.064549 -1
47
0.000000 0.000000 1.000000
-0.278639 -0.835917 0.472866
0.835917 -0.278639 0.472866
0.278639 -0.835917 0.472866
0.835917 0.278639 0.472866
0.278639 0.835917 0.472866
-0.278639 0.835917 0.472866
-0.217960 0.744161 0.631441
0.680322 0.372080 0.631441
0.788110 0.394055 0.472866
0.394055 0.788110 0.472866
-0.394055 0.788110 0.472866
-0.788110 0.394055 0.472866
-0.680322 0.372080 0.631441
0.217960 0.744161 0.631441
0.278639 0.835917 0.472866
-0.278639 0.835917 0.472866
-0.835917 0.278639 0.472866
-0.835917 -0.278639 0.472866
-0.000284 0.000836 1.000000
0.000256 0.000828 1.000000
-0.000720 0.000401 1.000000
-0.000592 -0.000043 1.000000
0.000001 -0.000477 1.000000
0.000000 -0.000473 1.000000
-0.000003 -0.000321 1.000000
-0.001239 -0.000064 0.999999
0.000000 0.000016 1.000000
-0.000170 -0.000479 1.000000
0.000150 -0.000472 1.000000
0.001238 -0.000066 0.999999
0.000577 -0.000046 1.000000
0.000699 0.000385 1.000000
-0.001171 0.000016 0.999999
0.001171 0.000016 0.999999
-0.001515 -0.000000 0.999999
-0.001336 -0.000000 0.999999
-0.001116 -0.000000 0.999999
0.001488 -0.000000 0.999999
0.001670 -0.000000 0.999999
0.001137 -0.000000 0.999999
0.001122 -0.000000 0.999999
0.001128 -0.000070 0.999999
0.001352 -0.000056 0.999999
-0.001497 -0.000000 0.999999
-0.001690 -0.000035 0.999999
-0.000752 -0.000094 1.000000
70
0 0 1 2 0 0 0 1
0 1 3 2 0 0 0 1
0 1 4 3 0 0 0 1
0 4 5 3 0 0 0 1
0 4 6 5 0 0 0 1
0 6 7 5 0 0 0 1
0 6 8 7 0 0 0 1
0 8 9 7 0 0 0 1
0 8 10 9 0 0 0 1
0 10 11 9 0 0 0 1
0 10 12 11 0 0 0 1
0 12 13 11 0 0 0 1
0 12 14 13 0 0 0 1
0 14 15 13 0 0 0 1
0 14 16 15 0 0 0 1
0 16 17 15 0 0 0 1
0 16 0 17 0 0 0 1
0 0 2 17 0 0 0 1
0 2 3 18 1 2 3 6
0 3 19 18 2 4 3 6
0 3 5 19 2 5 4 6
0 5 20 19 5 6 4 6
0 5 7 20 5 7 6 6
0 7 21 20 7 8 6 6
0 7 9 21 7 9 8 6
0 9 22 21 9 10 8 6
0 9 11 22 9 11 10 6
0 11 23 22 11 12 10 6
0 11 13 23 11 13 12 6
0 13 24 23 13 14 12 6
0 13 15 24 13 15 14 6
0 15 25 24 15 16 14 6
0 15 17 25 15 17 16 6
0 17 26 25 17 18 16 6
0 17 2 26 17 1 18 6
0 2 18 26 1 3 18 6
0 27 18 19 19 20 21 1
0 27 19 28 19 21 22 1
0 28 19 20 22 21 23 1
0 28 20 29 22 23 24 1
0 30 29 20 25 24 23 1
0 21 31 30 26 27 25 1
0 20 21 30 23 26 25 1
0 25 32 30 28 29 25 1
0 30 31 24 25 27 30 1
0 30 24 25 25 30 28 1
0 32 25 26 29 28 31 1
0 32 26 33 29 31 32 1
0 33 26 18 32 31 20 1
0 33 18 27 32 20 19 1
0 21 34 31 26 33 27 1
0 31 35 24 27 34 30 1
0 36 34 21 35 33 26 1
0 21 37 38 26 36 37 1
0 21 38 36 26 37 35 1
0 39 40 24 38 39 30 1
0 24 35 41 30 34 40 1
0 24 41 39 30 40 38 1
0 42 43 23 41 42 43 1
0 23 40 42 43 39 41 1
0 44 37 22 44 36 45 1
0 22 45 44 45 46 44 1
0 22 37 21 45 36 26 1
0 24 40 23 30 39 43 1
0 23 43 45 43 42 46 1
0 23 45 22 43 46 45 1
0 42 40 37 41 39 36 1
0 42 37 44 41 36 44 1
0 38 39 41 37 38 40 1
0 38 41 36 37 40 35 1
"cells" 0 1
19
0 5.932364 23.378826 14.725009 0.124077 0.292964 -1
0 -5.932364 23.378826 14.725009 0.123980 0.292963 -1
0 -5.932364 17.550110 14.725009 0.123980 0.293008 -1
0 5.932364 17.550110 14.725009 0.124077 0.293008 -1
0 5.932364 13.143290 14.725008 0.124079 0.343019 -1
0 -5.932364 13.143291 14.725008 0.123982 0.343019 -1
0 -5.932364 7.314572 14.725010 0.123982 0.342984 -1
0 5.932364 7.314576 14.725010 0.124079 0.342984 -1
0 5.932364 3.262159 14.725009 0.124077 0.392611 -1
0 -5.932364 3.262159 14.725009 0.123980 0.392611 -1
0 -5.932364 -1.920270 14.725009 0.123980 0.392684 -1
0 5.932364 -1.920270 14.725009 0.124077 0.392684 -1
0 0.000000 -7.860404 14.724686 0.124029 0.392635 -1
0 0.009779 -13.507547 14.724689 0.124029 0.443608 -1
0 0.009779 -23.973927 14.724689 0.124029 0.443616 -1
0 24.219559 0.257404 14.724689 0.124229 0.443642 -1
0 19.000000 5.464467 14.724689 0.124186 0.443638 -1
0 -24.200001 0.257412 14.724689 0.123830 0.443642 -1
0 -18.980442 5.464467 14.724689 0.123873 0.443638 -1
7
0.000000 0.000000 1.000000
-0.000000 0.000000 1.000000
0.000000 0.000000 1.000000
-0.000000 0.000000 1.000000
0.000000 -0.000018 1.000000
0.000000 -0.000027 1.000000
0.000000 -0.000054 1.000000
11
0 0 1 2 0 0 0 1
0 0 2 3 0 0 0 1
0 4 5 6 1 2 1 1
0 4 6 7 1 1 3 1
0 8 9 10 0 0 4 1
0 8 10 11 0 4 5 1
0 10 12 11 4 6 5 1
0 13 14 15 0 0 0 1
0 13 15 16 0 0 0 1
0 14 13 17 0 0 0 1
0 17 13 18 0 0 0 1

Materials: 2
"shell"
0.588235 0.588235 0.588235 1.000000
0.588235 0.588235 0.588235 1.000000
0.898039 0.898039 0.898039 1.000000
0.000000 0.000000 0.000000 1.000000
12.799999
1.000000
"textures\Tap Note parts (mipmaps).png"
""
"scroller"
0.588235 0.588235 0.588235 1.000000
0.588235 0.588235 0.588235 1.000000
0.898039 0.898039 0.898039 1.000000
0.000000 0.000000 0.000000 1.000000
12.799999
1.000000
"textures\Tap Note ani texture.ini"
""

Bones: 0