// MilkShape 3D ASCII

Frames: 30
Frame: 1

Meshes: 2
"Plane02" 0 0
50
0 19.500000 12.893590 0.000000 0.015198 0.069144 -1
0 19.500000 11.893590 0.000000 0.015198 0.069626 -1
0 31.000000 0.393590 0.000000 0.016580 0.075164 -1
0 32.000000 0.393590 0.000000 0.016700 0.075164 -1
0 10.623075 4.016665 0.000000 0.014130 0.073419 -1
0 10.000000 2.393590 0.000000 0.014055 0.074201 -1
0 10.618599 21.774998 0.000000 0.014130 0.064866 -1
0 10.000000 21.393589 0.000000 0.014055 0.065050 -1
0 0.000000 32.393589 0.000000 0.012853 0.059752 -1
0 0.000000 31.393589 0.000000 0.012853 0.060234 -1
0 0.000000 -30.606411 0.000000 0.012853 0.090094 -1
0 0.000000 -31.606411 0.000000 0.012853 0.090576 -1
0 -19.500000 11.893590 0.000000 0.010509 0.069626 -1
0 -19.500000 12.893590 0.000000 0.010509 0.069144 -1
0 -31.000000 0.393590 0.000000 0.009126 0.075164 -1
0 -32.000000 0.393590 0.000000 0.009006 0.075164 -1
0 -10.000000 2.393590 0.000000 0.011651 0.074201 -1
0 -10.623074 4.016665 0.000000 0.011576 0.073419 -1
0 -10.618599 21.774998 0.000000 0.011576 0.064866 -1
0 -10.000000 21.393589 0.000000 0.011651 0.065050 -1
0 31.000000 0.393590 0.000000 0.123035 0.250578 -1
0 19.500000 11.893590 0.000000 0.100594 0.160676 -1
0 19.500000 9.173949 6.962647 0.100594 0.181937 -1
0 28.280359 0.393590 6.962647 0.117729 0.250578 -1
0 10.000000 2.393590 0.000000 0.082056 0.234943 -1
0 8.076923 -2.249127 6.962647 0.078303 0.271238 -1
0 10.000000 21.393589 0.000000 0.082056 0.086409 -1
0 8.076923 20.597027 6.962647 0.078303 0.092637 -1
0 0.000000 31.393589 0.000000 0.062542 0.008234 -1
0 0.000000 28.673950 6.962647 0.062542 0.029495 -1
0 0.000000 -30.606411 0.000000 0.062542 0.492922 -1
0 0.000000 -27.886768 6.962647 0.062542 0.471661 -1
0 -19.500000 11.893590 0.000000 0.024490 0.160676 -1
0 -31.000000 0.393590 0.000000 0.002049 0.250578 -1
0 -28.280359 0.393590 6.962647 0.007355 0.250578 -1
0 -19.500000 9.173949 6.962647 0.024490 0.181937 -1
0 -10.000000 2.393590 0.000000 0.043028 0.234943 -1
0 -8.076923 -2.249127 6.962647 0.046781 0.271238 -1
0 -10.000000 21.393589 0.000000 0.043028 0.086409 -1
0 -8.076923 20.597027 6.962647 0.046781 0.092637 -1
0 -7.527473 20.369438 6.814688 0.047853 0.094416 -1
0 0.000000 27.896908 6.814688 0.062542 0.035569 -1
0 -19.500000 8.396910 6.814688 0.024490 0.188012 -1
0 -7.527473 -3.575617 6.814688 0.047853 0.281607 -1
0 -27.503319 0.393590 6.814688 0.008872 0.250578 -1
0 0.000000 -27.109730 6.814688 0.062542 0.465587 -1
0 7.527474 20.369438 6.814688 0.077231 0.094416 -1
0 27.503319 0.393590 6.814688 0.116212 0.250578 -1
0 19.500000 8.396910 6.814688 0.100594 0.188012 -1
0 7.527474 -3.575617 6.814688 0.077231 0.281607 -1
30
0.000000 0.000000 1.000000
0.889572 0.296524 0.347471
-0.296524 0.889572 0.347471
0.212191 0.366095 0.906062
0.366095 -0.212191 0.906062
0.764752 0.418257 0.490119
-0.186273 0.298695 0.935993
0.827339 0.484644 0.283956
0.471260 0.074639 0.878831
-0.296524 0.889572 0.347470
0.212191 0.366095 0.906062
0.296524 -0.889572 0.347471
-0.212191 -0.366095 0.906063
-0.889572 -0.296524 0.347471
-0.366095 0.212191 0.906062
0.212191 0.366095 0.906062
0.245009 0.836513 0.490119
-0.342924 0.079494 0.935993
-0.927712 0.242322 0.283956
-0.386009 0.280453 0.878831
0.210177 -0.123119 0.969880
-0.062230 -0.186690 0.980446
-0.062230 -0.186690 0.980446
0.115050 -0.062923 0.991365
0.186690 -0.062230 0.980446
0.062230 0.186690 0.980446
-0.235676 -0.061560 0.969880
-0.186690 0.062230 0.980446
-0.062230 -0.186690 0.980446
0.036859 -0.125846 0.991365
60
0 0 1 2 0 0 0 1
0 0 2 3 0 0 0 1
0 4 5 1 0 0 0 1
0 4 1 0 0 0 0 1
0 5 4 6 0 0 0 1
0 5 6 7 0 0 0 1
0 8 9 7 0 0 0 1
0 8 7 6 0 0 0 1
0 10 11 3 0 0 0 1
0 10 3 2 0 0 0 1
0 12 13 14 0 0 0 1
0 14 13 15 0 0 0 1
0 16 17 12 0 0 0 1
0 12 17 13 0 0 0 1
0 17 16 18 0 0 0 1
0 18 16 19 0 0 0 1
0 9 8 19 0 0 0 1
0 19 8 18 0 0 0 1
0 11 10 15 0 0 0 1
0 15 10 14 0 0 0 1
0 20 21 22 1 2 3 1
0 22 23 20 3 4 1 1
0 21 24 25 2 5 6 1
0 25 22 21 6 3 2 1
0 24 26 27 5 7 8 1
0 27 25 24 8 6 5 1
0 26 28 29 7 9 10 1
0 29 27 26 10 8 7 1
0 30 20 23 11 1 4 1
0 23 31 30 4 12 11 1
0 32 33 34 2 13 14 1
0 34 35 32 14 15 2 1
0 36 32 35 16 2 15 1
0 35 37 36 15 17 16 1
0 38 36 37 18 16 17 1
0 37 39 38 17 19 18 1
0 28 38 39 9 18 19 1
0 39 29 28 19 10 9 1
0 33 30 31 13 11 12 1
0 31 34 33 12 14 13 1
0 29 39 40 10 19 20 1
0 40 41 29 20 21 10 1
0 37 35 42 17 15 22 1
0 42 43 37 22 23 17 1
0 35 34 44 15 14 24 1
0 44 42 35 24 22 15 1
0 39 37 43 19 17 23 1
0 43 40 39 23 20 19 1
0 34 31 45 14 12 25 1
0 45 44 34 25 24 14 1
0 27 29 41 8 10 21 1
0 41 46 27 21 26 8 1
0 31 23 47 12 4 27 1
0 47 45 31 27 25 12 1
0 23 22 48 4 3 28 1
0 48 47 23 28 27 4 1
0 25 27 46 6 8 26 1
0 46 49 25 26 29 6 1
0 22 25 49 3 6 29 1
0 49 48 22 29 28 3 1
"scroller" 0 1
10
0 7.527474 20.369438 6.814688 0.034253 0.069839 -1
0 0.000248 27.896908 6.814688 0.000441 0.001592 -1
0 0.000248 -27.109730 6.814688 0.000441 0.500302 -1
0 27.503319 0.393590 6.814688 0.123979 0.250948 -1
0 19.500000 8.396910 6.814688 0.088030 0.178387 -1
0 7.527474 -3.575617 6.814688 0.034253 0.286934 -1
0 -7.526978 20.369438 6.814688 0.034253 0.069839 -1
0 -27.502823 0.393590 6.814688 0.123979 0.250948 -1
0 -19.499504 8.396909 6.814688 0.088030 0.178387 -1
0 -7.526978 -3.575617 6.814688 0.034253 0.286934 -1
1
0.000000 0.000000 1.000000
8
0 0 1 2 0 0 0 1
0 2 3 4 0 0 0 1
0 5 0 2 0 0 0 1
0 2 4 5 0 0 0 1
0 1 6 2 0 0 0 1
0 7 2 8 0 0 0 1
0 6 9 2 0 0 0 1
0 8 2 9 0 0 0 1

Materials: 2
"shell"
0.588235 0.588235 0.588235 1.000000
0.588235 0.588235 0.588235 1.000000
0.898039 0.898039 0.898039 1.000000
0.000000 0.000000 0.000000 1.000000
12.799999
1.000000
"textures\shell.png"
""
"Scroller"
0.588235 0.588235 0.588235 1.000000
0.588235 0.588235 0.588235 1.000000
0.898039 0.898039 0.898039 1.000000
0.000000 0.000000 0.000000 1.000000
12.799999
1.000000
"textures\scroller.ini"
""

Bones: 0